"bin_extents","bin_values","Points:0","Points:1","Points:2"
0.0012656,0.00012207,0.0012656,0.00012207,0
0.0037968,0.00024414,0.0037968,0.00024414,0
0.0063281,0.00024414,0.0063281,0.00024414,0
0.0088593,0.00024414,0.0088593,0.00024414,0
0.011391,0.00048828,0.011391,0.00048828,0
0.013922,0.00054932,0.013922,0.00054932,0
0.016453,0.00054932,0.016453,0.00054932,0
0.018984,0.00067139,0.018984,0.00067139,0
0.021515,0.00079346,0.021515,0.00079346,0
0.024047,0.00091553,0.024047,0.00091553,0
0.026578,0.00085449,0.026578,0.00085449,0
0.029109,0.0010376,0.029109,0.0010376,0
0.03164,0.0010376,0.03164,0.0010376,0
0.034172,0.0010986,0.034172,0.0010986,0
0.036703,0.0014038,0.036703,0.0014038,0
0.039234,0.0014038,0.039234,0.0014038,0
0.041765,0.0012817,0.041765,0.0012817,0
0.044297,0.0014648,0.044297,0.0014648,0
0.046828,0.0018311,0.046828,0.0018311,0
0.049359,0.0016479,0.049359,0.0016479,0
0.05189,0.00177,0.05189,0.00177,0
0.054421,0.00177,0.054421,0.00177,0
0.056953,0.0022583,0.056953,0.0022583,0
0.059484,0.0018921,0.059484,0.0018921,0
0.062015,0.0019531,0.062015,0.0019531,0
0.064546,0.0023193,0.064546,0.0023193,0
0.067078,0.0025635,0.067078,0.0025635,0
0.069609,0.0022583,0.069609,0.0022583,0
0.07214,0.0024414,0.07214,0.0024414,0
0.074671,0.0027466,0.074671,0.0027466,0
0.077203,0.0027466,0.077203,0.0027466,0
0.079734,0.0027466,0.079734,0.0027466,0
0.082265,0.0031738,0.082265,0.0031738,0
0.084796,0.0026245,0.084796,0.0026245,0
0.087327,0.0031738,0.087327,0.0031738,0
0.089859,0.003418,0.089859,0.003418,0
0.09239,0.0032349,0.09239,0.0032349,0
0.094921,0.003418,0.094921,0.003418,0
0.097452,0.0037231,0.097452,0.0037231,0
0.099984,0.0032959,0.099984,0.0032959,0
0.10251,0.0040894,0.10251,0.0040894,0
0.10505,0.0038452,0.10505,0.0038452,0
0.10758,0.0038452,0.10758,0.0038452,0
0.11011,0.0045776,0.11011,0.0045776,0
0.11264,0.0043335,0.11264,0.0043335,0
0.11517,0.003418,0.11517,0.003418,0
0.1177,0.005249,0.1177,0.005249,0
0.12023,0.0042725,0.12023,0.0042725,0
0.12276,0.0045776,0.12276,0.0045776,0
0.1253,0.0056763,0.1253,0.0056763,0
0.12783,0.0046387,0.12783,0.0046387,0
0.13036,0.0048828,0.13036,0.0048828,0
0.13289,0.0059814,0.13289,0.0059814,0
0.13542,0.005127,0.13542,0.005127,0
0.13795,0.0058594,0.13795,0.0058594,0
0.14048,0.0057373,0.14048,0.0057373,0
0.14301,0.0056763,0.14301,0.0056763,0
0.14555,0.006958,0.14555,0.006958,0
0.14808,0.0056763,0.14808,0.0056763,0
0.15061,0.0064087,0.15061,0.0064087,0
0.15314,0.0075073,0.15314,0.0075073,0
0.15567,0.0060425,0.15567,0.0060425,0
0.1582,0.0075073,0.1582,0.0075073,0
0.16073,0.0075684,0.16073,0.0075684,0
0.16326,0.0073853,0.16326,0.0073853,0
0.1658,0.0084229,0.1658,0.0084229,0
0.16833,0.0071411,0.16833,0.0071411,0
0.17086,0.0084839,0.17086,0.0084839,0
0.17339,0.0084839,0.17339,0.0084839,0
0.17592,0.0088501,0.17592,0.0088501,0
0.17845,0.0096436,0.17845,0.0096436,0
0.18098,0.008667,0.18098,0.008667,0
0.18351,0.010254,0.18351,0.010254,0
0.18605,0.010254,0.18605,0.010254,0
0.18858,0.010376,0.18858,0.010376,0
0.19111,0.011292,0.19111,0.011292,0
0.19364,0.01123,0.19364,0.01123,0
0.19617,0.011719,0.19617,0.011719,0
0.1987,0.012146,0.1987,0.012146,0
0.20123,0.013367,0.20123,0.013367,0
0.20376,0.013855,0.20376,0.013855,0
0.2063,0.014038,0.2063,0.014038,0
0.20883,0.015686,0.20883,0.015686,0
0.21136,0.016724,0.21136,0.016724,0
0.21389,0.016296,0.21389,0.016296,0
0.21642,0.021118,0.21642,0.021118,0
0.21895,0.022644,0.21895,0.022644,0
0.22148,0.02887,0.22148,0.02887,0
0.22401,0.024841,0.22401,0.024841,0
0.22655,0.023071,0.22655,0.023071,0
0.22908,0.018982,0.22908,0.018982,0
0.23161,0.018982,0.23161,0.018982,0
0.23414,0.01709,0.23414,0.01709,0
0.23667,0.016907,0.23667,0.016907,0
0.2392,0.016113,0.2392,0.016113,0
0.24173,0.015198,0.24173,0.015198,0
0.24426,0.014771,0.24426,0.014771,0
0.2468,0.015015,0.2468,0.015015,0
0.24933,0.014343,0.24933,0.014343,0
0.25186,0.014282,0.25186,0.014282,0
0.25439,0.013123,0.25439,0.013123,0
0.25692,0.013611,0.25692,0.013611,0
0.25945,0.013611,0.25945,0.013611,0
0.26198,0.01239,0.26198,0.01239,0
0.26451,0.012939,0.26451,0.012939,0
0.26704,0.012451,0.26704,0.012451,0
0.26958,0.012207,0.26958,0.012207,0
0.27211,0.012329,0.27211,0.012329,0
0.27464,0.012024,0.27464,0.012024,0
0.27717,0.011719,0.27717,0.011719,0
0.2797,0.011597,0.2797,0.011597,0
0.28223,0.011841,0.28223,0.011841,0
0.28476,0.011719,0.28476,0.011719,0
0.28729,0.011353,0.28729,0.011353,0
0.28983,0.010742,0.28983,0.010742,0
0.29236,0.011475,0.29236,0.011475,0
0.29489,0.010864,0.29489,0.010864,0
0.29742,0.011169,0.29742,0.011169,0
0.29995,0.010681,0.29995,0.010681,0
0.30248,0.011169,0.30248,0.011169,0
0.30501,0.0096436,0.30501,0.0096436,0
0.30754,0.0091553,0.30754,0.0091553,0
0.31008,0.0092163,0.31008,0.0092163,0
0.31261,0.0092773,0.31261,0.0092773,0
0.31514,0.0025024,0.31514,0.0025024,0
0.31767,0.0012817,0.31767,0.0012817,0
0.3202,0.0012817,0.3202,0.0012817,0
0.32273,0.0012207,0.32273,0.0012207,0
